months=138 cells=15715 rows=2154021
full-history cells: 14558 / 15715  (hist of nan counts: [  0 132 556  42  79  15  13   3   1   0] nonzero-nan cells...)
missing (cell,month) entries overall: 14649

per-cell mean of detrended |max| = 3.689158479508056e-14
avg per-cell variance: anomaly=0.6781, detrended=0.5092, trend share=0.2490
per-cell slope std=0.00883/month  (0.1060/yr)

sum v_k (=avg per-cell detrended var) = 0.5092

=== eigenvalue spectrum (per-cell variance units) ===
   k          v_k   v_k/v_1     cum% gap v_k/v_k+1
   1     0.066296   1.00000   13.019        1.2363
   2     0.053622   0.80884   23.549        1.3146
   3     0.040791   0.61529   31.560        1.1125
   4     0.036666   0.55307   38.760        1.4441
   5     0.025390   0.38298   43.746        1.1267
   6     0.022535   0.33992   48.172        1.0439
   7     0.021588   0.32563   52.411        1.0778
   8     0.020029   0.30211   56.345        1.2750
   9     0.015709   0.23695   59.429        1.1381
  10     0.013803   0.20820   62.140        1.4038
  11     0.009833   0.14831   64.071        1.0752
  12     0.009145   0.13795   65.867        1.0628
  13     0.008605   0.12979   67.557        1.0497
  14     0.008197   0.12365   69.166        1.1364
  15     0.007213   0.10881   70.583        1.0267
  16     0.007026   0.10598   71.963        1.1701
  17     0.006004   0.09057   73.142        1.0753
  18     0.005583   0.08422   74.238        1.0302
  19     0.005419   0.08175   75.302        1.0292
  20     0.005266   0.07943   76.336        1.0589
  21     0.004973   0.07501   77.313        1.0202
  22     0.004874   0.07353   78.270        1.1049
  23     0.004412   0.06654   79.137        1.0443
  24     0.004224   0.06372   79.966        1.0579
  25     0.003993   0.06023   80.750        1.0450
  26     0.003821   0.05764   81.501        1.0551
  27     0.003621   0.05463   82.212        1.0200
  28     0.003551   0.05356   82.909        1.0559
  29     0.003363   0.05072   83.570        1.0386
  30     0.003238   0.04884   84.205        1.0496
  32     0.002873   0.04334   85.375        1.0420
  34     0.002561   0.03864   86.420        1.0656
  36     0.002379   0.03588   87.359        1.0168
  38     0.002178   0.03286   88.246        1.0688
  40     0.001974   0.02977   89.034        1.0244
  42     0.001863   0.02810   89.778        1.0083
  44     0.001727   0.02605   90.480        1.0234
  46     0.001649   0.02487   91.135        1.0806
  48     0.001462   0.02205   91.722        1.0284
  50     0.001411   0.02128   92.278        1.0493
  52     0.001272   0.01919   92.792        1.0146
  54     0.001237   0.01866   93.281        1.0568
  56     0.001134   0.01711   93.734        1.0352
  58     0.001051   0.01585   94.155        1.0217
  60     0.000972   0.01466   94.548        1.0599
  62     0.000906   0.01367   94.906        1.0020
  64     0.000869   0.01310   95.255        1.0300
  66     0.000813   0.01226   95.580        1.0084
  68     0.000789   0.01190   95.893        1.0618
  70     0.000702   0.01059   96.177        1.0339
  72     0.000648   0.00977   96.437        1.0413
  74     0.000610   0.00920   96.679        1.0325
  76     0.000566   0.00854   96.906        1.0584
  78     0.000532   0.00803   97.116        1.0440
  80     0.000503   0.00758   97.315        1.0196
  82     0.000469   0.00707   97.503        1.0149
  84     0.000453   0.00683   97.683        1.0343
  86     0.000420   0.00633   97.851        1.0232
  88     0.000401   0.00605   98.011        1.0343
  90     0.000375   0.00566   98.161        1.0130
  92     0.000366   0.00551   98.305        1.0615
  94     0.000343   0.00517   98.440        1.0449
  96     0.000320   0.00482   98.567        1.0133
  98     0.000303   0.00458   98.689        1.0357
 100     0.000287   0.00433   98.803        1.0243
 102     0.000274   0.00413   98.912        1.0420
 104     0.000249   0.00375   99.012        1.0167
 106     0.000239   0.00361   99.107        1.0291
 108     0.000221   0.00334   99.196        1.0030
 110     0.000216   0.00325   99.282        1.0620
 112     0.000199   0.00300   99.361        1.0155
 114     0.000190   0.00287   99.437        1.0116
 116     0.000180   0.00272   99.509        1.0221
 118     0.000169   0.00254   99.577        1.0378
 120     0.000158   0.00238   99.640        1.0393
 122     0.000148   0.00223   99.698        1.0186
 124     0.000143   0.00215   99.755        1.0734
 126     0.000130   0.00197   99.807        1.0821
 128     0.000119   0.00179   99.854        1.0430
 130     0.000110   0.00166   99.898        1.0569
 132     0.000098   0.00148   99.937        1.0708
 134     0.000084   0.00127   99.972        1.0326
 136     0.000062   0.00093  100.000 1975234563867665965776896.0000
 138     0.000000   0.00000  100.000           nan

=== tail flatness ===
K= 50: tail mean=0.000447 std=0.000343 cv=0.7671  v_K/tailmean=3.1573
K= 80: tail mean=0.000236 std=0.000123 cv=0.5214  v_K/tailmean=2.1314
K= 90: tail mean=0.000195 std=0.000092 cv=0.4701  v_K/tailmean=1.9238
K=100: tail mean=0.000160 std=0.000068 cv=0.4252  v_K/tailmean=1.7890
K=105: tail mean=0.000145 std=0.000059 cv=0.4095  v_K/tailmean=1.6864
K=110: tail mean=0.000131 std=0.000053 cv=0.4030  v_K/tailmean=1.6502
K=115: tail mean=0.000117 std=0.000048 cv=0.4078  v_K/tailmean=1.6144
K=120: tail mean=0.000102 std=0.000043 cv=0.4262  v_K/tailmean=1.5480
K=125: tail mean=0.000086 std=0.000041 cv=0.4740  v_K/tailmean=1.5501
K=130: tail mean=0.000065 std=0.000039 cv=0.6052  v_K/tailmean=1.6864

largest log-eigenvalue drops at k -> k+1: [(136, 55.943), (137, 7.779), (4, 0.368), (10, 0.339), (135, 0.278), (2, 0.274), (8, 0.243), (1, 0.212), (16, 0.157), (9, 0.129)]

--- noise estimates ---
tail mean (K*=100): sigma^2=0.00016 sigma=0.01267
noise share of detrended variance: 0.0003 (= 0.0221 / 69.7628 total)
noise share (simple): 0.0121
per-cell residual variance (after top-100): mean=0.00610 std=0.00538
per-cell residual std mean: 0.07205

per-cell detrended variance: min=0.0129 p5=0.0311 med=0.5338 p95=0.9746 max=1.2964

saved cache a14a_cache_spec.npy
